[
    [
        -45,
        77,
        -64,
        -57,
        109,
        -35,
        -102,
        127,
        -44,
        58
    ],
    [
        -78,
        86,
        49,
        -120,
        -2,
        92,
        41,
        -101,
        67,
        -127
    ],
    [
        -39,
        -49,
        -81,
        -10,
        -91,
        120,
        -75,
        102,
        95,
        -128
    ],
    [
        97,
        -11,
        -28,
        18,
        -12,
        3,
        -44,
        -82,
        127,
        12
    ],
    [
        42,
        -128,
        33,
        -36,
        9,
        90,
        115,
        -18,
        -116,
        -12
    ],
    [
        33,
        -1,
        -63,
        127,
        68,
        -42,
        -8,
        -61,
        -37,
        74
    ],
    [
        -79,
        78,
        -41,
        2,
        -66,
        52,
        -18,
        -30,
        -106,
        127
    ],
    [
        -14,
        -87,
        -53,
        13,
        3,
        -30,
        127,
        35,
        92,
        -94
    ],
    [
        -30,
        -23,
        127,
        102,
        60,
        37,
        -76,
        47,
        47,
        70
    ],
    [
        127,
        -25,
        80,
        34,
        -1,
        -125,
        14,
        74,
        -83,
        6
    ]
]